varsFA_1 <- c(
  "op_4",
  "op_5",
  "op_6",
  "op_7",
  "op_8_1",
  "op_8_2",
  "op_8_3",
  "op_8_4"
)

varsFA_2 <- c(
  "op_9",
  "op_10",
  "op_11"
)
  
varsFA_3 <- c(
  "op_12_1",
  "op_12_2",
  "op_12_3",
  "op_12_4",
  "op_12_5",
  "op_12_6",
  "op_12_7",
  "op_12_8",
  "op_12_9",
  "op_12_10",
  "op_12_11",
  "op_12_12",
  "op_12_13",
  "op_12_14"
)

varsFA_4 <- c(
  "op_15",
  "op_16",
  "op_17",
  "op_18_1",
  "op_18_2",
  "op_18_3",
  "op_18_4",
  "op_18_5",
  "op_18_6",
  "op_18_7",
  "op_18_8",
  "op_18_9",
  "op_19",
  "op_20",
  "op_21"
)
  
varsFA_5 <- c(
  "op_23_1",
  "op_23_2",
  "op_23_3",
  "op_24",
  "op_25",
  "op_26"
)

varsFA_6 <- c(
  "op_27",
  "op_28",
  "op_29",
  "op_30"
)

varsFA_7 <- c(
  "op_33",
  "op_34",
  "op_35",
  "op_36"
)

varsFA_8 <- c(
  "op_39",
  "op_40",
  "op_41",
  "op_42",
  "op_43",
  "op_44",
  "op_45",
  "op_46"
)

varsFA_9 <- c(
  "op_47",
  "op_48",
  "op_49",
  "op_50",
  "op_51"
)

varsFAL <- varsFA_10 <- c(
  "op_52",
  "op_53",
  "op_54",
  "op_55",
  "op_56"
)

varsFA <- c(
  varsFA_1,
  varsFA_2,
  varsFA_3,
  varsFA_4,
  varsFA_5,
  varsFA_6,
  varsFA_7,
  varsFA_8,
  varsFA_9#,
  #varsFA_10
)



